0 36000 0 800 0 600
0 0 800 600
0 1 1500 1500
0 2 800 600
240 2 800 600
240 2 1500 1500
720 2 1500 1500
720 2 800 600
960 2 800 600
960 2 1500 1500
1440 2 1500 1500
1440 2 800 600
1680 2 800 600
1680 2 1500 1500
2160 2 1500 1500
2160 2 800 600
2400 2 800 600
2400 2 1500 1500
2880 2 1500 1500
2880 2 800 600
3120 2 800 600
3120 2 1500 1500
3600 2 1500 1500
3600 2 800 600
3840 2 800 600
3840 2 1500 1500
4320 2 1500 1500
4320 2 800 600
4560 2 800 600
4560 2 1500 1500
5040 2 1500 1500
5040 2 800 600
5280 2 800 600
5280 2 1500 1500
5760 2 1500 1500
5760 2 800 600
6000 2 800 600
6000 2 1500 1500
6480 2 1500 1500
6480 2 800 600
6720 2 800 600
6720 2 1500 1500
7200 2 1500 1500
7200 2 800 600
7440 2 800 600
7440 2 1500 1500
7920 2 1500 1500
7920 2 800 600
8160 2 800 600
8160 2 1500 1500
8640 2 1500 1500
8640 2 800 600
8880 2 800 600
8880 2 1500 1500
9360 2 1500 1500
9360 2 800 600
9600 2 800 600
9600 2 1500 1500
10080 2 1500 1500
10080 2 800 600
10320 2 800 600
10320 2 1500 1500
10800 2 1500 1500
10800 2 800 600
11040 2 800 600
11040 2 1500 1500
11520 2 1500 1500
11520 2 800 600
11760 2 800 600
11760 2 1500 1500
12240 2 1500 1500
12240 2 800 600
12480 2 800 600
12480 2 1500 1500
12960 2 1500 1500
12960 2 800 600
13200 2 800 600
13200 2 1500 1500
13680 2 1500 1500
13680 2 800 600
13920 2 800 600
13920 2 1500 1500
14400 2 1500 1500
14400 2 800 600
14640 2 800 600
14640 2 1500 1500
15120 2 1500 1500
15120 2 800 600
15360 2 800 600
15360 2 1500 1500
15840 2 1500 1500
15840 2 800 600
16080 2 800 600
16080 2 1500 1500
16560 2 1500 1500
16560 2 800 600
16800 2 800 600
16800 2 1500 1500
17280 2 1500 1500
17280 2 800 600
17520 2 800 600
17520 2 1500 1500
18000 2 1500 1500
18000 2 800 600
18240 2 800 600
18240 2 1500 1500
18720 2 1500 1500
18720 2 800 600
18960 2 800 600
18960 2 1500 1500
19440 2 1500 1500
19440 2 800 600
19680 2 800 600
19680 2 1500 1500
20160 2 1500 1500
20160 2 800 600
20400 2 800 600
20400 2 1500 1500
20880 2 1500 1500
20880 2 800 600
21120 2 800 600
21120 2 1500 1500
21600 2 1500 1500
21600 2 800 600
21840 2 800 600
21840 2 1500 1500
22320 2 1500 1500
22320 2 800 600
22560 2 800 600
22560 2 1500 1500
23040 2 1500 1500
23040 2 800 600
23280 2 800 600
23280 2 1500 1500
23760 2 1500 1500
23760 2 800 600
24000 2 800 600
24000 2 1500 1500
24480 2 1500 1500
24480 2 800 600
24720 2 800 600
24720 2 1500 1500
25200 2 1500 1500
25200 2 800 600
25440 2 800 600
25440 2 1500 1500
25920 2 1500 1500
25920 2 800 600
26160 2 800 600
26160 2 1500 1500
26640 2 1500 1500
26640 2 800 600
26880 2 800 600
26880 2 1500 1500
27360 2 1500 1500
27360 2 800 600
27600 2 800 600
27600 2 1500 1500
28080 2 1500 1500
28080 2 800 600
28320 2 800 600
28320 2 1500 1500
28800 2 1500 1500
28800 2 800 600
29040 2 800 600
29040 2 1500 1500
29520 2 1500 1500
29520 2 800 600
29760 2 800 600
29760 2 1500 1500
30240 2 1500 1500
30240 2 800 600
30480 2 800 600
30480 2 1500 1500
30960 2 1500 1500
30960 2 800 600
31200 2 800 600
31200 2 1500 1500
31680 2 1500 1500
31680 2 800 600
31920 2 800 600
31920 2 1500 1500
32400 2 1500 1500
32400 2 800 600
32640 2 800 600
32640 2 1500 1500
33120 2 1500 1500
33120 2 800 600
33360 2 800 600
33360 2 1500 1500
33840 2 1500 1500
33840 2 800 600
34080 2 800 600
34080 2 1500 1500
34560 2 1500 1500
34560 2 800 600
34800 2 800 600
34800 2 1500 1500
35280 2 1500 1500
35280 2 800 600
35520 2 800 600
35520 2 1500 1500
36000 2 1500 1500
36000 2 800 600
36240 2 800 600
36240 2 1500 1500
36720 2 1500 1500
36720 2 800 600
36960 2 800 600
36960 2 1500 1500
37440 2 1500 1500
37440 2 800 600
37680 2 800 600
37680 2 1500 1500
38160 2 1500 1500
38160 2 800 600
38400 2 800 600
38400 2 1500 1500
38880 2 1500 1500
38880 2 800 600
39120 2 800 600
39120 2 1500 1500
39600 2 1500 1500
39600 2 800 600
39840 2 800 600
39840 2 1500 1500
40320 2 1500 1500
40320 2 800 600
40560 2 800 600
40560 2 1500 1500
41040 2 1500 1500
41040 2 800 600
41280 2 800 600
41280 2 1500 1500
41760 2 1500 1500
41760 2 800 600
42000 2 800 600
42000 2 1500 1500
42480 2 1500 1500
42480 2 800 600
42720 2 800 600
42720 2 1500 1500
43200 2 1500 1500
43200 2 800 600
43440 2 800 600
43440 2 1500 1500
43920 2 1500 1500
43920 2 800 600
44160 2 800 600
44160 2 1500 1500
44640 2 1500 1500
44640 2 800 600
44880 2 800 600
44880 2 1500 1500
45360 2 1500 1500
45360 2 800 600
45600 2 800 600
45600 2 1500 1500
46080 2 1500 1500
46080 2 800 600
46320 2 800 600
46320 2 1500 1500
46800 2 1500 1500
46800 2 800 600
47040 2 800 600
47040 2 1500 1500
47520 2 1500 1500
47520 2 800 600
47760 2 800 600
47760 2 1500 1500
48240 2 1500 1500
48240 2 800 600
48480 2 800 600
48480 2 1500 1500
48960 2 1500 1500
48960 2 800 600
49200 2 800 600
49200 2 1500 1500
49680 2 1500 1500
49680 2 800 600
49920 2 800 600
49920 2 1500 1500
50400 2 1500 1500
50400 2 800 600
50640 2 800 600
50640 2 1500 1500
51120 2 1500 1500
51120 2 800 600
51360 2 800 600
51360 2 1500 1500
51840 2 1500 1500
51840 2 800 600
52080 2 800 600
52080 2 1500 1500
52560 2 1500 1500
52560 2 800 600
52800 2 800 600
52800 2 1500 1500
53280 2 1500 1500
53280 2 800 600
53520 2 800 600
53520 2 1500 1500
54000 2 1500 1500
54000 2 800 600
54240 2 800 600
