0 4800 0 650 0 1350
0 0 1450 950
0 1 2500 2500
0 2 1450 950
360 2 1450 950
360 2 2500 2500
480 2 1450 950
480 2 2500 2500
840 2 1450 950
840 2 2500 2500
960 2 1450 950
960 2 2500 2500
1360 2 1450 950
1360 2 2500 2500
1440 2 1450 950
1440 2 2500 2500
1800 2 1450 950
1800 2 2500 2500
1920 2 1450 950
1920 2 2500 2500
2280 2 1450 950
2280 2 2500 2500
2400 2 1450 950
2400 2 2500 2500
2760 2 1450 950
2760 2 2500 2500
2880 2 1450 950
2880 2 2500 2500
3240 2 1450 950
3240 2 2500 2500
3360 2 1450 950
3360 2 2500 2500
3720 2 1450 950
3720 2 2500 2500
3840 2 1450 950
3840 2 2500 2500
4200 2 1450 950
4200 2 2500 2500
4320 2 1450 950
4320 2 2500 2500
4680 2 1450 950
4680 2 2500 2500
4800 2 1450 950
4800 2 2500 2500

